steady-state decode of 1 latent frame -> (1, 3, 4, 464, 832)
wall: 4.6912 s   (reps [4.6906, 4.6883, 4.6948])

by operator class:
  CausalConv3d          4.4297 s   94.4%
  RMS_norm              0.1062 s    2.3%
  Conv2d                0.0277 s    0.6%
  SiLU                  0.0258 s    0.5%
  Upsample              0.0067 s    0.1%
  Identity              0.0011 s    0.0%
  Dropout               0.0009 s    0.0%

ranked operators (>=1% each):
  op             in                       weight             out                        n   mean ms   total s      %
  CausalConv3d   [1, 96, 4, 464, 832]     [96, 96, 3, 3, 3]  [1, 96, 4, 464, 832]       1    298.74    0.2987   6.4%
  CausalConv3d   [1, 96, 4, 464, 832]     [96, 96, 3, 3, 3]  [1, 96, 4, 464, 832]       1    298.30    0.2983   6.4%
  CausalConv3d   [1, 96, 4, 464, 832]     [96, 96, 3, 3, 3]  [1, 96, 4, 464, 832]       1    297.95    0.2980   6.4%
  CausalConv3d   [1, 96, 4, 464, 832]     [96, 96, 3, 3, 3]  [1, 96, 4, 464, 832]       1    297.68    0.2977   6.3%
  CausalConv3d   [1, 96, 4, 464, 832]     [96, 96, 3, 3, 3]  [1, 96, 4, 464, 832]       1    297.38    0.2974   6.3%
  CausalConv3d   [1, 96, 4, 464, 832]     [96, 96, 3, 3, 3]  [1, 96, 4, 464, 832]       1    297.23    0.2972   6.3%
  CausalConv3d   [1, 192, 4, 232, 416]    [192, 192, 3, 3, 3] [1, 192, 4, 232, 416]      1    267.61    0.2676   5.7%
  CausalConv3d   [1, 192, 4, 232, 416]    [192, 192, 3, 3, 3] [1, 192, 4, 232, 416]      1    266.07    0.2661   5.7%
  CausalConv3d   [1, 192, 4, 232, 416]    [192, 192, 3, 3, 3] [1, 192, 4, 232, 416]      1    266.05    0.2661   5.7%
  CausalConv3d   [1, 192, 4, 232, 416]    [192, 192, 3, 3, 3] [1, 192, 4, 232, 416]      1    265.73    0.2657   5.7%
  CausalConv3d   [1, 192, 4, 232, 416]    [192, 192, 3, 3, 3] [1, 192, 4, 232, 416]      1    265.64    0.2656   5.7%
  CausalConv3d   [1, 192, 4, 232, 416]    [192, 192, 3, 3, 3] [1, 192, 4, 232, 416]      1    265.24    0.2652   5.7%
  CausalConv3d   [1, 384, 2, 116, 208]    [384, 384, 3, 3, 3] [1, 384, 2, 116, 208]      1    134.67    0.1347   2.9%
  CausalConv3d   [1, 384, 2, 116, 208]    [384, 384, 3, 3, 3] [1, 384, 2, 116, 208]      1    134.33    0.1343   2.9%
  CausalConv3d   [1, 384, 2, 116, 208]    [384, 384, 3, 3, 3] [1, 384, 2, 116, 208]      1    134.23    0.1342   2.9%
  CausalConv3d   [1, 384, 2, 116, 208]    [384, 384, 3, 3, 3] [1, 384, 2, 116, 208]      1    133.63    0.1336   2.8%
  CausalConv3d   [1, 384, 2, 116, 208]    [384, 384, 3, 3, 3] [1, 384, 2, 116, 208]      1    133.21    0.1332   2.8%
  CausalConv3d   [1, 96, 4, 464, 832]     [3, 96, 3, 3, 3]   [1, 3, 4, 464, 832]        1    122.70    0.1227   2.6%
  CausalConv3d   [1, 192, 2, 116, 208]    [384, 192, 3, 3, 3] [1, 384, 2, 116, 208]      1     60.91    0.0609   1.3%
  -> listed operators cover 90.3% of decode wall time
